time[s], wr_x[mm], wr_y[mm], x_heading, y_heading 
0.0003,-1330.0403,-30.1006,201.3452,9.5666
0.7690,-1329.9744,-30.1253,201.2825,9.5392
0.9015,-1329.4897,-29.8597,201.3572,0.4746
1.0637,NaN,NaN,NaN,NaN
1.0759,-1325.5723,-20.2179,180.1163,-91.1874
1.1833,-1317.1326,-24.7690,180.1165,-90.7710
1.2836,-1307.9664,-29.2608,179.6646,-91.6390
1.3672,-1298.1385,-32.9659,181.5571,-91.0978
1.4639,-1289.3080,-37.3168,181.1643,-91.6277
1.5690,-1280.4959,-41.8411,181.0951,-91.8373
1.6652,-1271.7153,-46.3324,181.0580,-91.8967
1.7655,-1263.3039,-50.9557,181.4501,-91.9533
1.8629,-1254.8741,-55.2626,181.2274,-92.3704
1.9665,-1246.0906,-59.7139,181.0118,-92.7849
2.0653,-1237.2535,-64.2991,180.7449,-93.2551
2.1696,-1228.2869,-68.8688,180.5422,-93.6875
2.2645,-1219.6008,-73.5563,180.3607,-94.1384
2.3644,-1210.8948,-78.2589,179.9390,-94.7556
2.4650,-1202.1582,-82.9415,179.7207,-95.4157
2.5651,-1193.3489,-87.5868,179.3816,-96.0275
2.6663,-1184.5889,-92.2021,179.1210,-96.5351
2.7665,-1176.0538,-96.8732,178.7573,-97.1085
2.8672,-1167.2830,-101.8050,178.6718,-97.1242
2.9684,-1158.1242,-106.8185,178.5983,-97.3598
3.0674,-1149.2927,-111.7860,178.2675,-97.8451
3.1675,-1140.6779,-116.7060,177.9707,-98.3736
3.2694,-1132.0692,-121.5912,177.6393,-98.9310
3.3675,-1123.5549,-126.3068,177.3143,-99.4917
3.4664,-1114.2556,-130.4562,175.0858,-100.9647
3.5677,-1105.9176,-135.2084,174.8549,-101.3318
3.6689,-1097.5399,-139.9711,174.6375,-101.7547
3.7683,-1089.0510,-144.9331,174.4734,-101.9215
3.8679,-1080.3958,-150.0004,174.3521,-102.1946
3.9710,-1071.9226,-154.8791,174.0090,-102.7674
4.0686,-1063.4999,-159.7774,173.7065,-103.3153
4.1737,-1055.0417,-164.8985,173.4868,-103.7482
4.2684,-1046.4624,-169.9299,173.2473,-104.0605
4.3703,-1038.0485,-174.7752,172.9612,-104.6106
4.4694,-1029.6062,-179.8859,172.6892,-105.0715
4.5696,-1020.9159,-185.0899,172.5432,-105.4318
4.6733,-1012.4550,-190.1267,172.2994,-105.7218
4.7723,-1004.1963,-195.3249,172.0215,-106.1284
4.8705,-995.6823,-200.6570,171.9467,-106.2422
4.9708,-987.1324,-205.9278,171.9334,-106.3985
5.0728,-978.3563,-211.1921,172.0906,-106.0984
5.1723,-969.8085,-216.5044,171.9698,-106.2950
5.2710,-961.6576,-221.6854,171.7468,-106.6062
5.3753,-953.4426,-226.7264,171.4139,-107.2061
5.4747,-945.2512,-231.8565,171.9132,-106.3598
5.5715,-943.9873,-234.3970,177.2443,-97.1312
5.6718,-936.6841,-238.5830,176.3111,-98.8602
5.7727,-928.4180,-243.0399,176.1447,-99.3416
5.8725,-919.7569,-247.7891,175.8922,-99.7403
5.9720,-911.1393,-252.4674,175.6712,-100.1292
6.0720,-902.3178,-257.4652,175.5691,-100.2590
6.1739,-893.5520,-262.4323,175.3920,-100.5296
6.2758,-884.8272,-267.3817,175.2704,-100.8042
6.3734,-876.2287,-272.1835,175.0711,-101.1417
6.4734,-867.6089,-277.0845,174.7934,-101.6543
6.5738,-858.9449,-282.0256,174.5389,-102.2197
6.6797,-850.4740,-286.9579,174.5845,-102.1083
6.7746,-849.1167,-289.5091,180.5477,-91.0657
6.8753,-849.2390,-291.1348,185.3466,-80.7216
6.9748,-841.6551,-294.6813,184.3548,-83.1442
7.0750,-832.8446,-298.5472,184.0659,-83.6010
7.1784,-823.6525,-302.7085,183.6929,-84.4064
7.2761,-814.6001,-306.8727,183.5879,-84.7100
7.3768,-805.3984,-311.0621,183.3711,-85.2250
7.4781,-796.0315,-315.3737,183.1813,-85.5816
7.5771,-786.8939,-319.8035,183.1099,-85.8004
7.6761,-778.1882,-323.9124,182.7606,-86.4713
7.7769,-769.7260,-327.8029,182.5590,-87.1907
7.8769,-761.0374,-331.8217,182.3200,-87.5703
7.9768,-752.3309,-336.0649,182.1542,-87.8833
8.0775,-743.6036,-340.2336,181.9775,-88.2326
8.1808,-734.7650,-344.4371,181.7903,-88.6247
8.2819,-726.0187,-348.5433,181.6146,-89.0917
8.3759,-717.2771,-352.6015,181.3040,-89.7554
8.4803,-708.6768,-357.0792,181.2704,-89.9503
8.5793,-699.7063,-361.8299,181.1994,-89.9922
8.6784,-690.6836,-366.2639,180.9566,-90.4362
8.7844,-681.8571,-370.4508,180.7580,-90.8232
8.8788,-673.3309,-374.7131,180.9037,-90.6577
8.9790,-671.3120,-377.1901,185.5313,-80.5783
9.0791,-669.1056,-379.6510,188.1616,-74.1557
9.1816,-661.8565,-382.4230,187.2901,-76.4162
9.2796,-652.9798,-386.0471,187.0127,-77.0610
9.3799,-643.8150,-389.8966,186.9243,-77.3344
9.4801,-634.6319,-393.6546,186.8332,-77.6971
9.5802,-625.5922,-397.4248,186.6566,-78.0642
9.6842,-616.2594,-401.1640,186.4261,-78.5680
9.7818,-606.7333,-404.9855,186.3762,-78.8482
9.8813,-597.4043,-408.8794,186.3419,-78.9570
9.9807,-588.3574,-412.7766,186.1252,-79.3408
10.0814,-579.4046,-416.5871,185.9143,-79.7543
10.1845,-570.4176,-420.4987,185.8282,-80.0196
10.2823,-561.2298,-424.3104,185.6038,-80.4943
10.3826,-552.0197,-428.3259,185.6451,-80.2693
10.4825,-549.5930,-431.0103,190.0117,-69.0937
10.5833,-547.0934,-433.7374,192.7420,-61.1613
10.6828,-539.8831,-435.9054,192.1093,-63.1333
10.7839,-530.6428,-438.9785,191.9132,-63.7482
10.8841,-520.9943,-442.2371,191.8128,-64.0346
10.9838,-511.5561,-445.3912,191.4468,-65.0232
11.0836,-501.9614,-448.4362,191.2105,-65.8987
11.1828,-492.3570,-451.5354,190.9477,-66.7073
11.2835,-482.5909,-455.0244,190.8567,-66.9286
11.3847,-472.9139,-458.6168,190.8303,-67.1773
11.4862,-463.3293,-462.1778,190.5740,-67.7092
11.5864,-453.7316,-465.4351,190.3655,-68.6779
11.6838,-444.0910,-468.8887,190.1422,-69.1021
11.7858,-440.9559,-471.9166,194.0935,-56.9093
11.8851,-438.3266,-473.6976,195.9981,-50.1296
11.9862,-430.9376,-475.7564,195.5721,-51.9025
12.0856,-421.5901,-478.3231,195.2355,-53.0859
12.1881,-411.5194,-481.0070,195.0923,-53.4614
12.2877,-401.3280,-483.5985,195.0132,-53.6813
12.3873,-391.6209,-486.1384,194.9768,-53.8754
12.4873,-382.1555,-488.8030,194.9845,-53.9754
12.5869,-372.8262,-491.4827,194.9771,-54.1031
12.6902,-363.3169,-494.1386,195.0007,-54.3067
12.7904,-353.6778,-496.9144,194.9970,-54.0706
12.8904,-350.6408,-499.0966,197.6600,-43.1348
12.9880,-350.7476,-501.5917,200.1177,-30.2698
13.0883,-343.5776,-502.7523,199.8107,-31.8918
13.1900,-334.1892,-504.3142,199.7674,-32.4146
13.2885,-324.4108,-505.7663,199.6485,-32.8605
13.3899,-314.5160,-507.2352,199.6720,-33.3324
13.4873,-304.6855,-508.8649,199.6202,-33.5395
13.5888,-294.9402,-510.4783,199.4807,-33.9064
13.6873,-284.8964,-512.0968,199.4355,-34.3916
13.7903,-275.0297,-513.6006,199.3434,-35.1087
13.8893,-265.1636,-515.2223,199.2520,-35.6414
13.9932,-255.1444,-516.9457,199.1647,-35.9296
14.0916,-250.6454,-518.8879,200.7341,-26.0977
14.1959,-247.5752,-521.4482,201.7308,-15.7845
14.2886,-240.2903,-522.1483,201.6772,-16.4772
14.3914,-230.5590,-522.8876,201.6648,-17.4143
14.4947,-219.8766,-523.8585,201.6252,-17.7377
14.5924,-209.4428,-524.7979,201.5657,-18.0620
14.6908,-205.3972,-526.5451,202.2805,-7.1335
14.7919,-202.5140,-527.7988,202.3472,0.9169
14.8910,-194.3987,-528.1580,202.3984,-0.4766
14.9949,-184.1771,-528.2621,202.3196,-0.8094
15.0944,-173.3376,-528.0670,202.3435,-1.3150
15.1945,-168.7713,-529.6335,202.0618,10.4980
15.2924,-165.1233,-531.4977,201.2028,20.9371
15.3930,-157.7374,-530.9016,201.3643,20.0145
15.4308,-147.9755,-529.9895,201.4465,19.3298
15.5948,-138.0756,-528.9164,201.5281,18.5541
15.6929,-128.0865,-527.9719,201.5049,18.1254
15.7938,-118.2415,-527.2007,201.5857,17.3939
15.8935,-108.1676,-526.2690,201.7309,16.9373
15.9319,-97.9293,-525.2992,201.6872,16.6112
16.0978,-87.7057,-524.4173,201.7181,16.1147
16.1953,-77.7800,-523.7246,201.8070,15.7784
16.2950,-67.7726,-522.9612,201.7278,15.2593
16.3954,-57.6379,-522.0802,201.8251,14.9866
16.4946,-47.4796,-521.2917,201.8260,14.8256
16.5959,-37.3071,-520.5418,201.9347,14.4456
16.6951,-27.3073,-519.7122,202.0926,13.9419
16.7305,-17.3328,-518.9592,201.9964,13.1830
16.8984,-7.5670,-518.1383,202.1360,12.6883
16.9961,2.3151,-517.3900,202.0830,12.3321
17.0950,11.9610,-516.6005,202.1887,11.5896
17.1947,21.9404,-515.8526,202.1528,11.2826
17.2950,32.4744,-515.2340,202.1432,11.1861
17.3952,42.6604,-514.7749,202.1438,11.1310
17.4955,52.4785,-514.2160,202.2373,10.6322
17.5958,62.2297,-513.7114,202.1896,9.7813
17.6966,72.2471,-513.0685,202.2701,9.4342
17.8149,82.0873,-512.5271,202.3862,9.1653
17.8988,91.8730,-512.1638,202.4069,8.5352
17.9991,101.8979,-511.7183,202.4049,8.0798
18.0991,111.8545,-511.2964,202.4132,7.7472
18.1996,121.8833,-510.9920,202.4752,7.2564
18.2978,132.0772,-510.7122,202.4655,6.9125
18.3974,142.1841,-510.3364,202.4602,6.5903
18.4980,146.6507,-511.1600,201.9398,16.0177
18.5990,148.8982,-513.0501,200.6122,28.1941
18.6983,149.9435,-515.2982,198.3099,41.6505
18.7992,151.0874,-517.0959,195.4579,53.4249
18.8988,157.6318,-515.3886,195.8399,51.9206
18.9988,166.9119,-512.9978,196.1146,51.0743
19.1007,176.2558,-510.6052,196.1835,50.6636
19.1991,185.7072,-508.0922,196.2880,50.1916
19.2996,195.1972,-505.6342,196.4353,49.7328
19.3994,204.8867,-503.0609,196.5576,49.2702
19.5041,214.5760,-500.5432,196.6961,48.8495
19.6050,224.3310,-498.1807,196.7577,48.5306
19.7014,234.0424,-495.7100,196.8134,48.2117
19.8011,243.4520,-493.2602,196.8901,47.7323
19.9006,253.5388,-490.4767,197.0421,47.5050
20.0015,263.2555,-488.0755,197.1015,47.0232
20.1048,272.7989,-486.0080,197.0992,46.9858
20.2018,282.2725,-483.8459,197.1553,46.8010
20.3015,291.7554,-481.6480,197.2976,46.3215
20.4019,300.9321,-479.3683,197.4295,45.6127
20.5023,310.4942,-477.0151,197.5434,45.0957
20.6031,320.1184,-474.7620,197.6152,44.7812
20.7033,329.8264,-472.4452,197.7127,44.4317
20.8047,339.4960,-470.3401,197.7545,44.2439
20.9038,349.2838,-468.3081,197.8561,43.8853
21.0080,359.2082,-466.1365,197.9442,43.5046
21.1059,369.1242,-463.7809,197.9796,42.9957
21.2035,378.8820,-461.5278,198.1065,42.5942
21.3038,388.5649,-459.3008,198.2386,42.1373
21.4115,398.1438,-457.1121,198.2349,41.7950
21.5043,407.8231,-454.9860,198.3242,41.5886
21.6046,417.6216,-452.9308,198.4262,41.2508
21.7053,427.3707,-450.8365,198.5499,40.6993
21.8055,437.5172,-448.5448,198.5871,40.4402
21.9149,447.6596,-446.3145,198.5858,40.0648
22.0055,457.7477,-443.9080,198.6405,39.6861
22.1106,467.4323,-442.0530,198.7440,39.2905
22.2100,476.8884,-440.4024,198.8180,39.0316
22.3064,486.3333,-438.7241,198.8821,38.8548
22.4067,495.9430,-436.7705,199.0247,38.1694
22.5068,505.4250,-434.7983,199.1087,37.6318
22.6167,515.3504,-432.8627,199.2079,37.1537
22.7094,525.2904,-430.9491,199.2403,36.9702
22.8085,535.0564,-429.0652,199.3714,36.3730
22.9125,544.7308,-427.2394,199.4379,35.9383
23.0094,554.4919,-425.5126,199.5276,35.5884
23.1084,564.5952,-423.6129,199.5494,35.0793
23.2086,574.5399,-421.8188,199.5411,34.8743
23.3088,584.1940,-420.1527,199.6599,34.2916
23.4094,593.6515,-418.4242,199.7140,33.8208
23.5088,603.3907,-416.6603,199.8715,33.4294
23.6110,613.1171,-414.8820,199.9615,33.0499
23.7101,622.9731,-412.9981,199.9481,32.7185
23.8114,632.8982,-411.2998,200.0453,32.2487
23.9101,642.5149,-409.7104,200.0419,32.0640
24.0110,652.6655,-407.8393,200.0958,31.9956
24.1154,662.2772,-406.4752,200.1964,31.4944
24.2146,671.9299,-404.9226,200.2327,31.1744
24.3114,681.4549,-403.5449,200.2241,31.0532
24.4114,690.9521,-402.1320,200.2484,30.7837
24.5128,700.4742,-400.4980,200.3888,30.3061
24.6118,709.9467,-398.9164,200.4943,29.7138
24.7134,719.7274,-397.3959,200.5281,29.2059
24.8179,729.7562,-395.8615,200.6134,28.8826
24.9131,739.8027,-394.5891,200.5713,28.8305
25.0133,749.8480,-393.0573,200.6001,28.3687
25.1172,759.9598,-391.5389,200.6724,27.8157
25.2139,769.9601,-390.0017,200.8000,27.0197
25.3135,780.1028,-388.4792,200.8644,26.5972
25.4194,790.2195,-387.1395,200.9271,26.0915
25.5175,800.1380,-385.7796,200.9832,25.8562
25.6227,810.1696,-384.3749,200.9440,25.5424
25.7189,820.2384,-382.9835,201.0549,25.0855
25.8164,829.8661,-381.6126,201.1653,24.5273
25.9158,839.6450,-380.1381,201.1708,23.9563
26.0167,849.2842,-378.9489,201.2225,23.7738
26.1169,859.3285,-377.5868,201.1655,23.9129
26.2202,868.9334,-376.3694,201.2667,23.5623
26.3187,874.3276,-376.3966,200.2601,30.7360
26.4200,876.4862,-377.9645,197.9272,43.1096
26.5275,881.0555,-377.7121,197.5510,44.8283
26.6203,889.4728,-375.7894,197.7491,44.1245
26.7270,898.8121,-373.7300,197.7649,43.8210
26.8257,908.3226,-371.6160,197.8950,43.4422
26.9257,917.8057,-369.4843,198.0665,42.7771
27.0265,927.4016,-367.2420,198.0887,42.5335
27.1221,937.0490,-365.2499,198.1370,42.3203
27.2225,946.7582,-363.1553,198.2103,41.9552
27.3210,956.1417,-361.1795,198.3692,41.1976
27.4187,965.9132,-359.1335,198.5339,40.4020
27.5186,975.8323,-356.9546,198.7179,39.7013
27.6195,985.7972,-354.9024,198.7520,39.2656
27.7184,995.6657,-352.7449,198.8353,39.0343
27.8198,1005.5737,-350.8296,198.8348,38.8666
27.9248,1015.5289,-348.9492,198.8792,38.4880
28.0233,1025.5057,-346.8664,199.0702,37.9289
28.1240,1035.3770,-344.9090,199.2188,37.3813
28.2273,1045.0435,-343.0122,199.2903,36.9067
28.3256,1055.1515,-341.1422,199.2776,36.7761
28.4220,1065.1292,-339.2182,199.3483,36.4178
28.5215,1074.9689,-337.2459,199.3783,35.9004
28.6247,1084.5443,-335.4586,199.5417,35.3782
28.7226,1093.9240,-333.8105,199.6548,34.9097
28.8226,1100.5745,-332.8094,198.5449,40.6332
28.9258,1103.2675,-333.6739,196.6017,49.1912
29.0216,1108.3200,-332.8827,196.1268,50.8136
29.1228,1117.3158,-330.6005,196.4142,49.9142
29.2324,1127.0195,-328.2752,196.3884,49.9009
29.3313,1136.6426,-325.8969,196.4519,49.6912
29.4265,1146.1342,-323.4023,196.5182,49.4051
29.5234,1155.3060,-320.9973,196.6122,48.9869
29.6241,1164.5784,-318.6926,196.7369,48.3791
29.7242,1173.8671,-316.2644,196.8090,47.9219
29.8245,1183.0640,-313.9380,196.9353,47.5024
29.9276,1192.4514,-311.4690,197.0043,47.2458
30.0246,1201.6833,-309.2966,197.0239,47.0264
30.1305,1210.9608,-307.0747,197.1140,46.7473
30.2275,1220.2804,-304.7504,197.1936,46.1990
30.3253,1229.5060,-302.5448,197.3451,45.7156
30.4250,1238.7935,-300.3006,197.4125,45.1454
30.5254,1248.1569,-298.2080,197.5254,44.6700
30.6258,1254.8195,-297.6434,195.7644,52.0528
30.7261,1258.0115,-297.6543,193.2791,60.5768
30.8282,1262.3216,-296.6286,192.9056,61.6470
30.9288,1271.1641,-293.7702,193.3250,60.3697
31.0273,1281.1253,-290.4088,193.4501,59.9933
31.1271,1290.8391,-287.4977,193.6014,59.4825
31.2280,1300.1151,-284.7474,193.7291,58.9879
31.3280,1309.3540,-281.9223,193.8696,58.3977
31.4277,1318.6561,-279.1561,194.0450,57.8657
31.5275,1328.0353,-276.2101,194.2096,57.2952
31.6300,1337.6983,-273.4094,194.2196,57.2327
31.7317,1347.3491,-270.6323,194.2899,57.1364
31.8332,1357.1666,-267.7781,194.3679,56.8451
31.9343,1366.4652,-265.0373,194.5686,56.1324
32.0355,1376.1060,-262.2440,194.6732,55.6561
32.1477,1383.8516,-260.3232,193.0397,60.9520
32.2501,1386.5281,-260.8821,189.9470,69.9649
32.3527,1390.2629,-260.2148,188.3087,74.4462
32.4602,1398.7173,-257.0942,188.7605,73.1413
32.5662,1408.1340,-253.5721,189.0059,72.7543
32.6691,1417.4986,-249.8149,189.1158,72.3418
32.7735,1426.9665,-246.2023,189.1952,71.9796
32.8787,1436.1959,-242.6633,189.3280,71.7096
32.9848,1445.5170,-238.9961,189.4412,71.4161
33.0887,1454.5231,-235.6080,189.5955,70.9559
33.1927,1463.9050,-232.0143,189.6818,70.7981
33.2970,1473.1027,-228.5246,189.7332,70.6043
33.4035,1482.5460,-224.9482,189.6221,70.7148
33.5073,1491.6741,-221.5697,189.8292,70.4192
33.6125,1500.3130,-218.4270,190.0159,69.9139
33.7173,1508.8594,-215.2126,190.2460,69.2043
33.8230,1514.1124,-214.6884,187.1389,77.3360
33.9290,1518.1437,-217.5131,175.8118,100.4617
34.0359,1521.8419,-216.3388,173.9214,103.7241
34.1429,1529.5613,-211.9247,174.4360,102.7689
34.2503,1537.5897,-207.1488,174.7487,102.1494
34.3592,1545.4468,-202.3154,175.0956,101.6902
34.4678,1553.8428,-197.4625,175.3896,101.1610
34.5755,1561.9578,-192.4437,175.6449,100.7400
34.6845,1570.0170,-187.6765,175.8553,100.3968
34.7929,1578.4722,-183.1348,175.8536,100.3078
34.9011,1587.2145,-178.1972,175.9563,100.2238
35.0113,1595.6936,-173.3190,176.1128,99.8684
35.1287,1612.9695,-163.3547,176.7440,98.7576
35.2383,1621.6942,-158.5498,176.8219,98.5494
35.3474,1630.7228,-153.4030,177.0555,98.0935
35.4570,1639.5528,-148.4257,177.2574,97.7593
35.5683,1648.1890,-143.6393,177.5436,97.3397
35.6889,1657.0176,-138.7929,177.6908,96.9842
35.8006,1665.9084,-133.9802,177.8671,96.5991
35.9113,1675.3035,-128.5718,178.0554,96.3464
36.0224,1680.2339,-127.2337,172.7747,105.4630
36.1341,1687.7257,-126.8220,160.9512,122.6990
36.2451,1691.3219,-126.3309,154.6345,130.6573
36.3558,1695.4988,-123.9211,152.1121,133.5634
36.4667,1702.3034,-118.1439,152.6439,132.9521
36.5784,1709.6159,-111.9202,153.0509,132.4609
36.6909,1717.1246,-105.3777,153.5427,131.9449
36.8033,1724.9274,-98.7086,153.9142,131.4301
36.9148,1732.5676,-92.2145,153.9963,131.3184
37.0341,1748.0269,-78.9147,154.3834,130.8343
37.1480,1755.5584,-72.1717,154.7750,130.4609
37.2606,1762.4814,-66.9483,152.0042,133.6246
37.3732,1765.4267,-66.7905,143.1227,143.0562
37.4876,1768.5446,-67.4753,132.4130,153.0541
37.6021,1771.0773,-68.3286,120.0966,162.9414
